<!DOCTYPE html>
<!-- Generated by pkgdown: do not edit by hand --><html lang="en"><head><meta http-equiv="Content-Type" content="text/html; charset=UTF-8"><meta charset="utf-8"><meta http-equiv="X-UA-Compatible" content="IE=edge"><meta name="viewport" content="width=device-width, initial-scale=1.0"><title>Create a covariance matrix — covmatrix • spmodel</title><!-- favicons --><link rel="icon" type="image/png" sizes="16x16" href="../favicon-16x16.png"><link rel="icon" type="image/png" sizes="32x32" href="../favicon-32x32.png"><link rel="apple-touch-icon" type="image/png" sizes="180x180" href="../apple-touch-icon.png"><link rel="apple-touch-icon" type="image/png" sizes="120x120" href="../apple-touch-icon-120x120.png"><link rel="apple-touch-icon" type="image/png" sizes="76x76" href="../apple-touch-icon-76x76.png"><link rel="apple-touch-icon" type="image/png" sizes="60x60" href="../apple-touch-icon-60x60.png"><!-- jquery --><script src="https://cdnjs.cloudflare.com/ajax/libs/jquery/3.7.1/jquery.min.js" integrity="sha512-v2CJ7UaYy4JwqLDIrZUI/4hqeoQieOmAZNXBeQyjo21dadnwR+8ZaIJVT8EE2iyI61OV8e6M8PP2/4hpQINQ/g==" crossorigin="anonymous" referrerpolicy="no-referrer"></script><!-- Bootstrap --><link rel="stylesheet" href="https://cdnjs.cloudflare.com/ajax/libs/twitter-bootstrap/3.4.1/css/bootstrap.min.css" integrity="sha256-bZLfwXAP04zRMK2BjiO8iu9pf4FbLqX6zitd+tIvLhE=" crossorigin="anonymous"><script src="https://cdnjs.cloudflare.com/ajax/libs/twitter-bootstrap/3.4.1/js/bootstrap.min.js" integrity="sha256-nuL8/2cJ5NDSSwnKD8VqreErSWHtnEP9E7AySL+1ev4=" crossorigin="anonymous"></script><!-- bootstrap-toc --><link rel="stylesheet" href="../bootstrap-toc.css"><script src="../bootstrap-toc.js"></script><!-- Font Awesome icons --><link rel="stylesheet" href="https://cdnjs.cloudflare.com/ajax/libs/font-awesome/5.12.1/css/all.min.css" integrity="sha256-mmgLkCYLUQbXn0B1SRqzHar6dCnv9oZFPEC1g1cwlkk=" crossorigin="anonymous"><link rel="stylesheet" href="https://cdnjs.cloudflare.com/ajax/libs/font-awesome/5.12.1/css/v4-shims.min.css" integrity="sha256-wZjR52fzng1pJHwx4aV2AO3yyTOXrcDW7jBpJtTwVxw=" crossorigin="anonymous"><!-- clipboard.js --><script src="https://cdnjs.cloudflare.com/ajax/libs/clipboard.js/2.0.6/clipboard.min.js" integrity="sha256-inc5kl9MA1hkeYUt+EC3BhlIgyp/2jDIyBLS6k3UxPI=" crossorigin="anonymous"></script><!-- headroom.js --><script src="https://cdnjs.cloudflare.com/ajax/libs/headroom/0.11.0/headroom.min.js" integrity="sha256-AsUX4SJE1+yuDu5+mAVzJbuYNPHj/WroHuZ8Ir/CkE0=" crossorigin="anonymous"></script><script src="https://cdnjs.cloudflare.com/ajax/libs/headroom/0.11.0/jQuery.headroom.min.js" integrity="sha256-ZX/yNShbjqsohH1k95liqY9Gd8uOiE1S4vZc+9KQ1K4=" crossorigin="anonymous"></script><!-- pkgdown --><link href="../pkgdown.css" rel="stylesheet"><script src="../pkgdown.js"></script><meta property="og:title" content="Create a covariance matrix — covmatrix"><meta property="og:description" content="Create a covariance matrix from a fitted model object."><meta property="og:image" content="https://usepa.github.io/spmodel/logo.png"><!-- mathjax --><script src="https://cdnjs.cloudflare.com/ajax/libs/mathjax/2.7.5/MathJax.js" integrity="sha256-nvJJv9wWKEm88qvoQl9ekL2J+k/RWIsaSScxxlsrv8k=" crossorigin="anonymous"></script><script src="https://cdnjs.cloudflare.com/ajax/libs/mathjax/2.7.5/config/TeX-AMS-MML_HTMLorMML.js" integrity="sha256-84DKXVJXs0/F8OTMzX4UR909+jtl4G7SPypPavF+GfA=" crossorigin="anonymous"></script><!--[if lt IE 9]>
<script src="https://oss.maxcdn.com/html5shiv/3.7.3/html5shiv.min.js"></script>
<script src="https://oss.maxcdn.com/respond/1.4.2/respond.min.js"></script>
<![endif]--></head><body data-spy="scroll" data-target="#toc">
    

    <div class="container template-reference-topic">
      <header><div class="navbar navbar-default navbar-fixed-top" role="navigation">
  <div class="container">
    <div class="navbar-header">
      <button type="button" class="navbar-toggle collapsed" data-toggle="collapse" data-target="#navbar" aria-expanded="false">
        <span class="sr-only">Toggle navigation</span>
        <span class="icon-bar"></span>
        <span class="icon-bar"></span>
        <span class="icon-bar"></span>
      </button>
      <span class="navbar-brand">
        <a class="navbar-link" href="../index.html">spmodel</a>
        <span class="version label label-default" data-toggle="tooltip" data-placement="bottom" title="">0.8.0</span>
      </span>
    </div>

    <div id="navbar" class="navbar-collapse collapse">
      <ul class="nav navbar-nav"><li>
  <a href="../reference/index.html">Reference</a>
</li>
<li class="dropdown">
  <a href="#" class="dropdown-toggle" data-toggle="dropdown" role="button" data-bs-toggle="dropdown" aria-expanded="false">
    Articles
     
    <span class="caret"></span>
  </a>
  <ul class="dropdown-menu" role="menu"><li>
      <a href="../articles/introduction.html">An Introduction to spmodel</a>
    </li>
    <li>
      <a href="../articles/guide.html">A Detailed Guide to spmodel</a>
    </li>
    <li>
      <a href="../articles/SPGLMs.html">Spatial Generalized Linear Models in spmodel</a>
    </li>
    <li>
      <a href="../articles/emmeans.html">Using emmeans to Estimate Marginal Means of spmodel Objects</a>
    </li>
    <li>
      <a href="../articles/technical.html">Technical Details</a>
    </li>
  </ul></li>
<li>
  <a href="../news/index.html">Changelog</a>
</li>
      </ul><ul class="nav navbar-nav navbar-right"><li>
  <a href="https://github.com/USEPA/spmodel/" class="external-link">
    <span class="fab fa-github fa-lg"></span>
     
  </a>
</li>
      </ul></div><!--/.nav-collapse -->
  </div><!--/.container -->
</div><!--/.navbar -->

      

      </header><div class="row">
  <div class="col-md-9 contents">
    <div class="page-header">
    <h1>Create a covariance matrix</h1>
    <small class="dont-index">Source: <a href="https://github.com/USEPA/spmodel/blob/HEAD/R/covmatrix.R" class="external-link"><code>R/covmatrix.R</code></a>, <a href="https://github.com/USEPA/spmodel/blob/HEAD/R/covmatrix_glm.R" class="external-link"><code>R/covmatrix_glm.R</code></a></small>
    <div class="hidden name"><code>covmatrix.Rd</code></div>
    </div>

    <div class="ref-description">
    <p>Create a covariance matrix from a fitted model object.</p>
    </div>

    <div id="ref-usage">
    <div class="sourceCode"><pre class="sourceCode r"><code><span><span class="fu">covmatrix</span><span class="op">(</span><span class="va">object</span>, <span class="va">newdata</span>, <span class="va">...</span><span class="op">)</span></span>
<span></span>
<span><span class="co"># S3 method for splm</span></span>
<span><span class="fu">covmatrix</span><span class="op">(</span><span class="va">object</span>, <span class="va">newdata</span>, <span class="va">cov_type</span>, <span class="va">...</span><span class="op">)</span></span>
<span></span>
<span><span class="co"># S3 method for spautor</span></span>
<span><span class="fu">covmatrix</span><span class="op">(</span><span class="va">object</span>, <span class="va">newdata</span>, <span class="va">cov_type</span>, <span class="va">...</span><span class="op">)</span></span>
<span></span>
<span><span class="co"># S3 method for spglm</span></span>
<span><span class="fu">covmatrix</span><span class="op">(</span><span class="va">object</span>, <span class="va">newdata</span>, <span class="va">cov_type</span>, <span class="va">...</span><span class="op">)</span></span>
<span></span>
<span><span class="co"># S3 method for spgautor</span></span>
<span><span class="fu">covmatrix</span><span class="op">(</span><span class="va">object</span>, <span class="va">newdata</span>, <span class="va">cov_type</span>, <span class="va">...</span><span class="op">)</span></span></code></pre></div>
    </div>

    <div id="arguments">
    <h2>Arguments</h2>
    <dl><dt>object</dt>
<dd><p>A fitted model object (e.g., <code><a href="splm.html">splm()</a></code>, <code><a href="spautor.html">spautor()</a></code>, <code><a href="spglm.html">spglm()</a></code>, or <code><a href="spgautor.html">spgautor()</a></code>).</p></dd>


<dt>newdata</dt>
<dd><p>If omitted, the covariance matrix of
the observed data is returned. If provided, <code>newdata</code> is
a data frame or <code>sf</code> object that contains coordinate information
required to construct the covariance between <code>newdata</code> and
the observed data. If a data frame, <code>newdata</code>
must contain variables that represent coordinates having the same name as
the coordinates from the observed data used to fit <code>object</code>. If an
<code>sf</code> object, coordinates are obtained from the geometry of <code>newdata</code>.</p></dd>


<dt>...</dt>
<dd><p>Other arguments. Not used (needed for generic consistency).</p></dd>


<dt>cov_type</dt>
<dd><p>The type of covariance matrix returned. If <code>newdata</code>
is omitted or <code>cov_type</code> is <code>"obs.obs"</code>,
the \(n \times n\) covariance matrix of the observed
data is returned, where \(n\) is the sample size used to fit <code>object</code>.
If <code>newdata</code> is provided and <code>cov_type</code> is <code>"pred.obs"</code>
(the default when <code>newdata</code> is provided),
the \(m \times n\) covariance matrix of the prediction and observed data is returned,
where \(m\) is the number of elements in the prediction data.
If <code>newdata</code> is provided and <code>cov_type</code> is <code>"obs.pred"</code>,
the \(n \times m\) covariance matrix of the observed and prediction data is returned.
If <code>newdata</code> is provided and <code>cov_type</code> is <code>"pred.pred"</code>,
the \(m \times m\) covariance matrix of the prediction data is returned.</p></dd>

</dl></div>
    <div id="value">
    <h2>Value</h2>
    

<p>If <code>newdata</code> is omitted, the covariance matrix of the observed
data, which has dimension n x n, where n is the sample size used to fit <code>object</code>.
If <code>newdata</code> is provided, the covariance matrix between the unobserved (new)
data and the observed data, which has dimension m x n, where m is the number of
new observations and n is the sample size used to fit <code>object</code>.</p>
    </div>

    <div id="ref-examples">
    <h2>Examples</h2>
    <div class="sourceCode"><pre class="sourceCode r"><code><span class="r-in"><span><span class="va">spmod</span> <span class="op">&lt;-</span> <span class="fu"><a href="splm.html">splm</a></span><span class="op">(</span><span class="va">z</span> <span class="op">~</span> <span class="va">water</span> <span class="op">+</span> <span class="va">tarp</span>,</span></span>
<span class="r-in"><span>  data <span class="op">=</span> <span class="va">caribou</span>,</span></span>
<span class="r-in"><span>  spcov_type <span class="op">=</span> <span class="st">"exponential"</span>, xcoord <span class="op">=</span> <span class="va">x</span>, ycoord <span class="op">=</span> <span class="va">y</span></span></span>
<span class="r-in"><span><span class="op">)</span></span></span>
<span class="r-in"><span><span class="fu">covmatrix</span><span class="op">(</span><span class="va">spmod</span><span class="op">)</span></span></span>
<span class="r-out co"><span class="r-pr">#&gt;</span>             1          2          3          4          5          6          7</span>
<span class="r-out co"><span class="r-pr">#&gt;</span> 1  0.13345875 0.10521027 0.09984818 0.09475938 0.08992992 0.10521027 0.10295515</span>
<span class="r-out co"><span class="r-pr">#&gt;</span> 2  0.10521027 0.13345875 0.10521027 0.09984818 0.09475938 0.10295515 0.10521027</span>
<span class="r-out co"><span class="r-pr">#&gt;</span> 3  0.09984818 0.10521027 0.13345875 0.10521027 0.09984818 0.09862277 0.10295515</span>
<span class="r-out co"><span class="r-pr">#&gt;</span> 4  0.09475938 0.09984818 0.10521027 0.13345875 0.10521027 0.09395839 0.09862277</span>
<span class="r-out co"><span class="r-pr">#&gt;</span> 5  0.08992992 0.09475938 0.09984818 0.10521027 0.13345875 0.08935266 0.09395839</span>
<span class="r-out co"><span class="r-pr">#&gt;</span> 6  0.10521027 0.10295515 0.09862277 0.09395839 0.08935266 0.13345875 0.10521027</span>
<span class="r-out co"><span class="r-pr">#&gt;</span> 7  0.10295515 0.10521027 0.10295515 0.09862277 0.09395839 0.10521027 0.13345875</span>
<span class="r-out co"><span class="r-pr">#&gt;</span> 8  0.09862277 0.10295515 0.10521027 0.10295515 0.09862277 0.09984818 0.10521027</span>
<span class="r-out co"><span class="r-pr">#&gt;</span> 9  0.09395839 0.09862277 0.10295515 0.10521027 0.10295515 0.09475938 0.09984818</span>
<span class="r-out co"><span class="r-pr">#&gt;</span> 10 0.08935266 0.09395839 0.09862277 0.10295515 0.10521027 0.08992992 0.09475938</span>
<span class="r-out co"><span class="r-pr">#&gt;</span> 11 0.09984818 0.09862277 0.09561367 0.09180478 0.08773608 0.10521027 0.10295515</span>
<span class="r-out co"><span class="r-pr">#&gt;</span> 12 0.09862277 0.09984818 0.09862277 0.09561367 0.09180478 0.10295515 0.10521027</span>
<span class="r-out co"><span class="r-pr">#&gt;</span> 13 0.09561367 0.09862277 0.09984818 0.09862277 0.09561367 0.09862277 0.10295515</span>
<span class="r-out co"><span class="r-pr">#&gt;</span> 14 0.09180478 0.09561367 0.09862277 0.09984818 0.09862277 0.09395839 0.09862277</span>
<span class="r-out co"><span class="r-pr">#&gt;</span> 15 0.08773608 0.09180478 0.09561367 0.09862277 0.09984818 0.08935266 0.09395839</span>
<span class="r-out co"><span class="r-pr">#&gt;</span> 16 0.09475938 0.09395839 0.09180478 0.08879570 0.08534660 0.09984818 0.09862277</span>
<span class="r-out co"><span class="r-pr">#&gt;</span> 17 0.09395839 0.09475938 0.09395839 0.09180478 0.08879570 0.09862277 0.09984818</span>
<span class="r-out co"><span class="r-pr">#&gt;</span> 18 0.09180478 0.09395839 0.09475938 0.09395839 0.09180478 0.09561367 0.09862277</span>
<span class="r-out co"><span class="r-pr">#&gt;</span> 19 0.08879570 0.09180478 0.09395839 0.09475938 0.09395839 0.09180478 0.09561367</span>
<span class="r-out co"><span class="r-pr">#&gt;</span> 20 0.08534660 0.08879570 0.09180478 0.09395839 0.09475938 0.08773608 0.09180478</span>
<span class="r-out co"><span class="r-pr">#&gt;</span> 21 0.08992992 0.08935266 0.08773608 0.08534660 0.08246389 0.09475938 0.09395839</span>
<span class="r-out co"><span class="r-pr">#&gt;</span> 22 0.08935266 0.08992992 0.08935266 0.08773608 0.08534660 0.09395839 0.09475938</span>
<span class="r-out co"><span class="r-pr">#&gt;</span> 23 0.08773608 0.08935266 0.08992992 0.08935266 0.08773608 0.09180478 0.09395839</span>
<span class="r-out co"><span class="r-pr">#&gt;</span> 24 0.08534660 0.08773608 0.08935266 0.08992992 0.08935266 0.08879570 0.09180478</span>
<span class="r-out co"><span class="r-pr">#&gt;</span> 25 0.08246389 0.08534660 0.08773608 0.08935266 0.08992992 0.08534660 0.08879570</span>
<span class="r-out co"><span class="r-pr">#&gt;</span> 26 0.08534660 0.08490568 0.08364425 0.08171630 0.07930674 0.08992992 0.08935266</span>
<span class="r-out co"><span class="r-pr">#&gt;</span> 27 0.08490568 0.08534660 0.08490568 0.08364425 0.08171630 0.08935266 0.08992992</span>
<span class="r-out co"><span class="r-pr">#&gt;</span> 28 0.08364425 0.08490568 0.08534660 0.08490568 0.08364425 0.08773608 0.08935266</span>
<span class="r-out co"><span class="r-pr">#&gt;</span> 29 0.08171630 0.08364425 0.08490568 0.08534660 0.08490568 0.08534660 0.08773608</span>
<span class="r-out co"><span class="r-pr">#&gt;</span> 30 0.07930674 0.08171630 0.08364425 0.08490568 0.08534660 0.08246389 0.08534660</span>
<span class="r-out co"><span class="r-pr">#&gt;</span>             8          9         10         11         12         13         14</span>
<span class="r-out co"><span class="r-pr">#&gt;</span> 1  0.09862277 0.09395839 0.08935266 0.09984818 0.09862277 0.09561367 0.09180478</span>
<span class="r-out co"><span class="r-pr">#&gt;</span> 2  0.10295515 0.09862277 0.09395839 0.09862277 0.09984818 0.09862277 0.09561367</span>
<span class="r-out co"><span class="r-pr">#&gt;</span> 3  0.10521027 0.10295515 0.09862277 0.09561367 0.09862277 0.09984818 0.09862277</span>
<span class="r-out co"><span class="r-pr">#&gt;</span> 4  0.10295515 0.10521027 0.10295515 0.09180478 0.09561367 0.09862277 0.09984818</span>
<span class="r-out co"><span class="r-pr">#&gt;</span> 5  0.09862277 0.10295515 0.10521027 0.08773608 0.09180478 0.09561367 0.09862277</span>
<span class="r-out co"><span class="r-pr">#&gt;</span> 6  0.09984818 0.09475938 0.08992992 0.10521027 0.10295515 0.09862277 0.09395839</span>
<span class="r-out co"><span class="r-pr">#&gt;</span> 7  0.10521027 0.09984818 0.09475938 0.10295515 0.10521027 0.10295515 0.09862277</span>
<span class="r-out co"><span class="r-pr">#&gt;</span> 8  0.13345875 0.10521027 0.09984818 0.09862277 0.10295515 0.10521027 0.10295515</span>
<span class="r-out co"><span class="r-pr">#&gt;</span> 9  0.10521027 0.13345875 0.10521027 0.09395839 0.09862277 0.10295515 0.10521027</span>
<span class="r-out co"><span class="r-pr">#&gt;</span> 10 0.09984818 0.10521027 0.13345875 0.08935266 0.09395839 0.09862277 0.10295515</span>
<span class="r-out co"><span class="r-pr">#&gt;</span> 11 0.09862277 0.09395839 0.08935266 0.13345875 0.10521027 0.09984818 0.09475938</span>
<span class="r-out co"><span class="r-pr">#&gt;</span> 12 0.10295515 0.09862277 0.09395839 0.10521027 0.13345875 0.10521027 0.09984818</span>
<span class="r-out co"><span class="r-pr">#&gt;</span> 13 0.10521027 0.10295515 0.09862277 0.09984818 0.10521027 0.13345875 0.10521027</span>
<span class="r-out co"><span class="r-pr">#&gt;</span> 14 0.10295515 0.10521027 0.10295515 0.09475938 0.09984818 0.10521027 0.13345875</span>
<span class="r-out co"><span class="r-pr">#&gt;</span> 15 0.09862277 0.10295515 0.10521027 0.08992992 0.09475938 0.09984818 0.10521027</span>
<span class="r-out co"><span class="r-pr">#&gt;</span> 16 0.09561367 0.09180478 0.08773608 0.10521027 0.10295515 0.09862277 0.09395839</span>
<span class="r-out co"><span class="r-pr">#&gt;</span> 17 0.09862277 0.09561367 0.09180478 0.10295515 0.10521027 0.10295515 0.09862277</span>
<span class="r-out co"><span class="r-pr">#&gt;</span> 18 0.09984818 0.09862277 0.09561367 0.09862277 0.10295515 0.10521027 0.10295515</span>
<span class="r-out co"><span class="r-pr">#&gt;</span> 19 0.09862277 0.09984818 0.09862277 0.09395839 0.09862277 0.10295515 0.10521027</span>
<span class="r-out co"><span class="r-pr">#&gt;</span> 20 0.09561367 0.09862277 0.09984818 0.08935266 0.09395839 0.09862277 0.10295515</span>
<span class="r-out co"><span class="r-pr">#&gt;</span> 21 0.09180478 0.08879570 0.08534660 0.09984818 0.09862277 0.09561367 0.09180478</span>
<span class="r-out co"><span class="r-pr">#&gt;</span> 22 0.09395839 0.09180478 0.08879570 0.09862277 0.09984818 0.09862277 0.09561367</span>
<span class="r-out co"><span class="r-pr">#&gt;</span> 23 0.09475938 0.09395839 0.09180478 0.09561367 0.09862277 0.09984818 0.09862277</span>
<span class="r-out co"><span class="r-pr">#&gt;</span> 24 0.09395839 0.09475938 0.09395839 0.09180478 0.09561367 0.09862277 0.09984818</span>
<span class="r-out co"><span class="r-pr">#&gt;</span> 25 0.09180478 0.09395839 0.09475938 0.08773608 0.09180478 0.09561367 0.09862277</span>
<span class="r-out co"><span class="r-pr">#&gt;</span> 26 0.08773608 0.08534660 0.08246389 0.09475938 0.09395839 0.09180478 0.08879570</span>
<span class="r-out co"><span class="r-pr">#&gt;</span> 27 0.08935266 0.08773608 0.08534660 0.09395839 0.09475938 0.09395839 0.09180478</span>
<span class="r-out co"><span class="r-pr">#&gt;</span> 28 0.08992992 0.08935266 0.08773608 0.09180478 0.09395839 0.09475938 0.09395839</span>
<span class="r-out co"><span class="r-pr">#&gt;</span> 29 0.08935266 0.08992992 0.08935266 0.08879570 0.09180478 0.09395839 0.09475938</span>
<span class="r-out co"><span class="r-pr">#&gt;</span> 30 0.08773608 0.08935266 0.08992992 0.08534660 0.08879570 0.09180478 0.09395839</span>
<span class="r-out co"><span class="r-pr">#&gt;</span>            15         16         17         18         19         20         21</span>
<span class="r-out co"><span class="r-pr">#&gt;</span> 1  0.08773608 0.09475938 0.09395839 0.09180478 0.08879570 0.08534660 0.08992992</span>
<span class="r-out co"><span class="r-pr">#&gt;</span> 2  0.09180478 0.09395839 0.09475938 0.09395839 0.09180478 0.08879570 0.08935266</span>
<span class="r-out co"><span class="r-pr">#&gt;</span> 3  0.09561367 0.09180478 0.09395839 0.09475938 0.09395839 0.09180478 0.08773608</span>
<span class="r-out co"><span class="r-pr">#&gt;</span> 4  0.09862277 0.08879570 0.09180478 0.09395839 0.09475938 0.09395839 0.08534660</span>
<span class="r-out co"><span class="r-pr">#&gt;</span> 5  0.09984818 0.08534660 0.08879570 0.09180478 0.09395839 0.09475938 0.08246389</span>
<span class="r-out co"><span class="r-pr">#&gt;</span> 6  0.08935266 0.09984818 0.09862277 0.09561367 0.09180478 0.08773608 0.09475938</span>
<span class="r-out co"><span class="r-pr">#&gt;</span> 7  0.09395839 0.09862277 0.09984818 0.09862277 0.09561367 0.09180478 0.09395839</span>
<span class="r-out co"><span class="r-pr">#&gt;</span> 8  0.09862277 0.09561367 0.09862277 0.09984818 0.09862277 0.09561367 0.09180478</span>
<span class="r-out co"><span class="r-pr">#&gt;</span> 9  0.10295515 0.09180478 0.09561367 0.09862277 0.09984818 0.09862277 0.08879570</span>
<span class="r-out co"><span class="r-pr">#&gt;</span> 10 0.10521027 0.08773608 0.09180478 0.09561367 0.09862277 0.09984818 0.08534660</span>
<span class="r-out co"><span class="r-pr">#&gt;</span> 11 0.08992992 0.10521027 0.10295515 0.09862277 0.09395839 0.08935266 0.09984818</span>
<span class="r-out co"><span class="r-pr">#&gt;</span> 12 0.09475938 0.10295515 0.10521027 0.10295515 0.09862277 0.09395839 0.09862277</span>
<span class="r-out co"><span class="r-pr">#&gt;</span> 13 0.09984818 0.09862277 0.10295515 0.10521027 0.10295515 0.09862277 0.09561367</span>
<span class="r-out co"><span class="r-pr">#&gt;</span> 14 0.10521027 0.09395839 0.09862277 0.10295515 0.10521027 0.10295515 0.09180478</span>
<span class="r-out co"><span class="r-pr">#&gt;</span> 15 0.13345875 0.08935266 0.09395839 0.09862277 0.10295515 0.10521027 0.08773608</span>
<span class="r-out co"><span class="r-pr">#&gt;</span> 16 0.08935266 0.13345875 0.10521027 0.09984818 0.09475938 0.08992992 0.10521027</span>
<span class="r-out co"><span class="r-pr">#&gt;</span> 17 0.09395839 0.10521027 0.13345875 0.10521027 0.09984818 0.09475938 0.10295515</span>
<span class="r-out co"><span class="r-pr">#&gt;</span> 18 0.09862277 0.09984818 0.10521027 0.13345875 0.10521027 0.09984818 0.09862277</span>
<span class="r-out co"><span class="r-pr">#&gt;</span> 19 0.10295515 0.09475938 0.09984818 0.10521027 0.13345875 0.10521027 0.09395839</span>
<span class="r-out co"><span class="r-pr">#&gt;</span> 20 0.10521027 0.08992992 0.09475938 0.09984818 0.10521027 0.13345875 0.08935266</span>
<span class="r-out co"><span class="r-pr">#&gt;</span> 21 0.08773608 0.10521027 0.10295515 0.09862277 0.09395839 0.08935266 0.13345875</span>
<span class="r-out co"><span class="r-pr">#&gt;</span> 22 0.09180478 0.10295515 0.10521027 0.10295515 0.09862277 0.09395839 0.10521027</span>
<span class="r-out co"><span class="r-pr">#&gt;</span> 23 0.09561367 0.09862277 0.10295515 0.10521027 0.10295515 0.09862277 0.09984818</span>
<span class="r-out co"><span class="r-pr">#&gt;</span> 24 0.09862277 0.09395839 0.09862277 0.10295515 0.10521027 0.10295515 0.09475938</span>
<span class="r-out co"><span class="r-pr">#&gt;</span> 25 0.09984818 0.08935266 0.09395839 0.09862277 0.10295515 0.10521027 0.08992992</span>
<span class="r-out co"><span class="r-pr">#&gt;</span> 26 0.08534660 0.09984818 0.09862277 0.09561367 0.09180478 0.08773608 0.10521027</span>
<span class="r-out co"><span class="r-pr">#&gt;</span> 27 0.08879570 0.09862277 0.09984818 0.09862277 0.09561367 0.09180478 0.10295515</span>
<span class="r-out co"><span class="r-pr">#&gt;</span> 28 0.09180478 0.09561367 0.09862277 0.09984818 0.09862277 0.09561367 0.09862277</span>
<span class="r-out co"><span class="r-pr">#&gt;</span> 29 0.09395839 0.09180478 0.09561367 0.09862277 0.09984818 0.09862277 0.09395839</span>
<span class="r-out co"><span class="r-pr">#&gt;</span> 30 0.09475938 0.08773608 0.09180478 0.09561367 0.09862277 0.09984818 0.08935266</span>
<span class="r-out co"><span class="r-pr">#&gt;</span>            22         23         24         25         26         27         28</span>
<span class="r-out co"><span class="r-pr">#&gt;</span> 1  0.08935266 0.08773608 0.08534660 0.08246389 0.08534660 0.08490568 0.08364425</span>
<span class="r-out co"><span class="r-pr">#&gt;</span> 2  0.08992992 0.08935266 0.08773608 0.08534660 0.08490568 0.08534660 0.08490568</span>
<span class="r-out co"><span class="r-pr">#&gt;</span> 3  0.08935266 0.08992992 0.08935266 0.08773608 0.08364425 0.08490568 0.08534660</span>
<span class="r-out co"><span class="r-pr">#&gt;</span> 4  0.08773608 0.08935266 0.08992992 0.08935266 0.08171630 0.08364425 0.08490568</span>
<span class="r-out co"><span class="r-pr">#&gt;</span> 5  0.08534660 0.08773608 0.08935266 0.08992992 0.07930674 0.08171630 0.08364425</span>
<span class="r-out co"><span class="r-pr">#&gt;</span> 6  0.09395839 0.09180478 0.08879570 0.08534660 0.08992992 0.08935266 0.08773608</span>
<span class="r-out co"><span class="r-pr">#&gt;</span> 7  0.09475938 0.09395839 0.09180478 0.08879570 0.08935266 0.08992992 0.08935266</span>
<span class="r-out co"><span class="r-pr">#&gt;</span> 8  0.09395839 0.09475938 0.09395839 0.09180478 0.08773608 0.08935266 0.08992992</span>
<span class="r-out co"><span class="r-pr">#&gt;</span> 9  0.09180478 0.09395839 0.09475938 0.09395839 0.08534660 0.08773608 0.08935266</span>
<span class="r-out co"><span class="r-pr">#&gt;</span> 10 0.08879570 0.09180478 0.09395839 0.09475938 0.08246389 0.08534660 0.08773608</span>
<span class="r-out co"><span class="r-pr">#&gt;</span> 11 0.09862277 0.09561367 0.09180478 0.08773608 0.09475938 0.09395839 0.09180478</span>
<span class="r-out co"><span class="r-pr">#&gt;</span> 12 0.09984818 0.09862277 0.09561367 0.09180478 0.09395839 0.09475938 0.09395839</span>
<span class="r-out co"><span class="r-pr">#&gt;</span> 13 0.09862277 0.09984818 0.09862277 0.09561367 0.09180478 0.09395839 0.09475938</span>
<span class="r-out co"><span class="r-pr">#&gt;</span> 14 0.09561367 0.09862277 0.09984818 0.09862277 0.08879570 0.09180478 0.09395839</span>
<span class="r-out co"><span class="r-pr">#&gt;</span> 15 0.09180478 0.09561367 0.09862277 0.09984818 0.08534660 0.08879570 0.09180478</span>
<span class="r-out co"><span class="r-pr">#&gt;</span> 16 0.10295515 0.09862277 0.09395839 0.08935266 0.09984818 0.09862277 0.09561367</span>
<span class="r-out co"><span class="r-pr">#&gt;</span> 17 0.10521027 0.10295515 0.09862277 0.09395839 0.09862277 0.09984818 0.09862277</span>
<span class="r-out co"><span class="r-pr">#&gt;</span> 18 0.10295515 0.10521027 0.10295515 0.09862277 0.09561367 0.09862277 0.09984818</span>
<span class="r-out co"><span class="r-pr">#&gt;</span> 19 0.09862277 0.10295515 0.10521027 0.10295515 0.09180478 0.09561367 0.09862277</span>
<span class="r-out co"><span class="r-pr">#&gt;</span> 20 0.09395839 0.09862277 0.10295515 0.10521027 0.08773608 0.09180478 0.09561367</span>
<span class="r-out co"><span class="r-pr">#&gt;</span> 21 0.10521027 0.09984818 0.09475938 0.08992992 0.10521027 0.10295515 0.09862277</span>
<span class="r-out co"><span class="r-pr">#&gt;</span> 22 0.13345875 0.10521027 0.09984818 0.09475938 0.10295515 0.10521027 0.10295515</span>
<span class="r-out co"><span class="r-pr">#&gt;</span> 23 0.10521027 0.13345875 0.10521027 0.09984818 0.09862277 0.10295515 0.10521027</span>
<span class="r-out co"><span class="r-pr">#&gt;</span> 24 0.09984818 0.10521027 0.13345875 0.10521027 0.09395839 0.09862277 0.10295515</span>
<span class="r-out co"><span class="r-pr">#&gt;</span> 25 0.09475938 0.09984818 0.10521027 0.13345875 0.08935266 0.09395839 0.09862277</span>
<span class="r-out co"><span class="r-pr">#&gt;</span> 26 0.10295515 0.09862277 0.09395839 0.08935266 0.13345875 0.10521027 0.09984818</span>
<span class="r-out co"><span class="r-pr">#&gt;</span> 27 0.10521027 0.10295515 0.09862277 0.09395839 0.10521027 0.13345875 0.10521027</span>
<span class="r-out co"><span class="r-pr">#&gt;</span> 28 0.10295515 0.10521027 0.10295515 0.09862277 0.09984818 0.10521027 0.13345875</span>
<span class="r-out co"><span class="r-pr">#&gt;</span> 29 0.09862277 0.10295515 0.10521027 0.10295515 0.09475938 0.09984818 0.10521027</span>
<span class="r-out co"><span class="r-pr">#&gt;</span> 30 0.09395839 0.09862277 0.10295515 0.10521027 0.08992992 0.09475938 0.09984818</span>
<span class="r-out co"><span class="r-pr">#&gt;</span>            29         30</span>
<span class="r-out co"><span class="r-pr">#&gt;</span> 1  0.08171630 0.07930674</span>
<span class="r-out co"><span class="r-pr">#&gt;</span> 2  0.08364425 0.08171630</span>
<span class="r-out co"><span class="r-pr">#&gt;</span> 3  0.08490568 0.08364425</span>
<span class="r-out co"><span class="r-pr">#&gt;</span> 4  0.08534660 0.08490568</span>
<span class="r-out co"><span class="r-pr">#&gt;</span> 5  0.08490568 0.08534660</span>
<span class="r-out co"><span class="r-pr">#&gt;</span> 6  0.08534660 0.08246389</span>
<span class="r-out co"><span class="r-pr">#&gt;</span> 7  0.08773608 0.08534660</span>
<span class="r-out co"><span class="r-pr">#&gt;</span> 8  0.08935266 0.08773608</span>
<span class="r-out co"><span class="r-pr">#&gt;</span> 9  0.08992992 0.08935266</span>
<span class="r-out co"><span class="r-pr">#&gt;</span> 10 0.08935266 0.08992992</span>
<span class="r-out co"><span class="r-pr">#&gt;</span> 11 0.08879570 0.08534660</span>
<span class="r-out co"><span class="r-pr">#&gt;</span> 12 0.09180478 0.08879570</span>
<span class="r-out co"><span class="r-pr">#&gt;</span> 13 0.09395839 0.09180478</span>
<span class="r-out co"><span class="r-pr">#&gt;</span> 14 0.09475938 0.09395839</span>
<span class="r-out co"><span class="r-pr">#&gt;</span> 15 0.09395839 0.09475938</span>
<span class="r-out co"><span class="r-pr">#&gt;</span> 16 0.09180478 0.08773608</span>
<span class="r-out co"><span class="r-pr">#&gt;</span> 17 0.09561367 0.09180478</span>
<span class="r-out co"><span class="r-pr">#&gt;</span> 18 0.09862277 0.09561367</span>
<span class="r-out co"><span class="r-pr">#&gt;</span> 19 0.09984818 0.09862277</span>
<span class="r-out co"><span class="r-pr">#&gt;</span> 20 0.09862277 0.09984818</span>
<span class="r-out co"><span class="r-pr">#&gt;</span> 21 0.09395839 0.08935266</span>
<span class="r-out co"><span class="r-pr">#&gt;</span> 22 0.09862277 0.09395839</span>
<span class="r-out co"><span class="r-pr">#&gt;</span> 23 0.10295515 0.09862277</span>
<span class="r-out co"><span class="r-pr">#&gt;</span> 24 0.10521027 0.10295515</span>
<span class="r-out co"><span class="r-pr">#&gt;</span> 25 0.10295515 0.10521027</span>
<span class="r-out co"><span class="r-pr">#&gt;</span> 26 0.09475938 0.08992992</span>
<span class="r-out co"><span class="r-pr">#&gt;</span> 27 0.09984818 0.09475938</span>
<span class="r-out co"><span class="r-pr">#&gt;</span> 28 0.10521027 0.09984818</span>
<span class="r-out co"><span class="r-pr">#&gt;</span> 29 0.13345875 0.10521027</span>
<span class="r-out co"><span class="r-pr">#&gt;</span> 30 0.10521027 0.13345875</span>
</code></pre></div>
    </div>
  </div>
  <div class="col-md-3 hidden-xs hidden-sm" id="pkgdown-sidebar">
    <nav id="toc" data-toggle="toc" class="sticky-top"><h2 data-toc-skip>Contents</h2>
    </nav></div>
</div>


      <footer><div class="copyright">
  <p></p><p>Developed by Michael Dumelle, Matt Higham, Jay M. Ver Hoef.</p>
</div>

<div class="pkgdown">
  <p></p><p>Site built with <a href="https://pkgdown.r-lib.org/" class="external-link">pkgdown</a> 2.0.9.</p>
</div>

      </footer></div>

  


  

  </body></html>

